inherit_from: configs/Own/own.yaml
cam:
  H: 720 
  W: 1280
  fx: 608.5557861328125
  fy: 608.5943603515625
  cx: 637.24285888671875
  cy: 365.84942626953125
  png_depth_scale: 1000.0 #for depth image in png format
  crop_edge: 0
mapping:
  bound: [[-5.8,11.3],[-4.0,4.5],[-7.9,4.9]]
  marching_cubes_bound: [[-5.8,11.3],[-4.0,4.5],[-7.9,4.9]]
data:
  input_folder: Datasets/Own/scene1
  output: output/Own/scene1