-3.837331047574354392e-01 5.730035133603263858e-02 9.216645669927786555e-01 1.817240550738154159e+00 -9.234440450364164166e-01 -2.381090856566253633e-02 -3.829936504957472398e-01 2.115361348389590113e+00 -0.000000000000000000e+00 -9.980729985176659547e-01 6.205070209075090604e-02 -4.462538612119457127e-01 0.000000000000000000e+00 0.000000000000000000e+00 0.000000000000000000e+00 1.000000000000000000e+00
-3.900752021583060447e-01 4.718616241929047411e-02 9.195731633411760031e-01 1.800396960987825423e+00 -9.207830019397386101e-01 -1.998967379502516323e-02 -3.895626731097472928e-01 2.123791461734681807e+00 -0.000000000000000000e+00 -9.986860763111243822e-01 5.124569232912339761e-02 -4.439414002221081512e-01 0.000000000000000000e+00 0.000000000000000000e+00 0.000000000000000000e+00 1.000000000000000000e+00
-3.951234003138807127e-01 3.720576451844348487e-02 9.178742994609854211e-01 1.782826243418300871e+00 -9.186280523282515098e-01 -1.600306908824061791e-02 -3.947991935849922696e-01 2.130891159353697439e+00 -0.000000000000000000e+00 -9.991794798064835836e-01 4.050144606856488638e-02 -4.410042783383920639e-01 0.000000000000000000e+00 0.000000000000000000e+00 0.000000000000000000e+00 1.000000000000000000e+00
-3.989332628461590424e-01 2.738066384026320230e-02 9.165710834641161986e-01 1.764566155963137151e+00 -9.169799625918317876e-01 -1.191199154866608503e-02 -3.987553794777283223e-01 2.136690425662344683e+00 -0.000000000000000000e+00 -9.995541024401886077e-01 2.985960975948930701e-02 -4.374644044954580924e-01 0.000000000000000000e+00 0.000000000000000000e+00 0.000000000000000000e+00 1.000000000000000000e+00
-4.015626463044676409e-01 1.772861305877165145e-02 9.156599463621664103e-01 1.745654456555887135e+00 -9.158315571615519568e-01 -7.773425931350032292e-03 -4.014874004951298758e-01 2.141219245076327660e+00 -0.000000000000000000e+00 -9.998126175080520595e-01 1.935794079177415722e-02 -4.333436876279659900e-01 0.000000000000000000e+00 0.000000000000000000e+00 0.000000000000000000e+00 1.000000000000000000e+00
-4.030707525622476139e-01 8.264395953177470014e-03 9.151315032214945022e-01 1.726128903130106806e+00 -9.151688196332430358e-01 -3.639914543476908178e-03 -4.030543171747609232e-01 2.144507602011350489e+00 -0.000000000000000000e+00 -9.999592245595043671e-01 9.030460583752682180e-03 -4.286640366705762317e-01 0.000000000000000000e+00 0.000000000000000000e+00 0.000000000000000000e+00 1.000000000000000000e+00
-4.035173755802654028e-01 -9.994769795132075335e-04 9.149714359752343373e-01 1.706027253619349038e+00 -9.149719818687428452e-01 4.407854401206313618e-04 -4.035171348324389506e-01 2.146585480883118180e+00 -0.000000000000000000e+00 -9.999994033768037083e-01 -1.092358016768853538e-03 -4.234473605579486266e-01 0.000000000000000000e+00 0.000000000000000000e+00 0.000000000000000000e+00 1.000000000000000000e+00
-4.029623143715793110e-01 -1.005217540341711915e-02 9.151613666266510405e-01 1.685387265957170255e+00 -9.152165717447977578e-01 4.425889991598101932e-03 -4.029380080129967290e-01 2.147482866107337518e+00 -0.000000000000000000e+00 -9.999396808145186721e-01 -1.098338438546117568e-02 -4.177155682247437607e-01 0.000000000000000000e+00 0.000000000000000000e+00 0.000000000000000000e+00 1.000000000000000000e+00
-4.014649236342153205e-01 -1.888406277288690038e-02 9.156796968725272601e-01 1.664246698077123332e+00 -9.158743991898526948e-01 8.277651199473295973e-03 -4.013795777057500014e-01 2.147229742099710847e+00 -0.000000000000000000e+00 -9.997874137354448854e-01 -2.061861625304846693e-02 -4.114905686056211653e-01 0.000000000000000000e+00 0.000000000000000000e+00 0.000000000000000000e+00 1.000000000000000000e+00
-3.990837750415053842e-01 -2.748631407613003758e-02 9.165023966346893536e-01 1.642643307912764694e+00 -9.169144673842926085e-01 1.196332086979823815e-02 -3.989044227069250548e-01 2.145856093275947174e+00 -0.000000000000000000e+00 -9.995505897613560231e-01 -2.997696628622406601e-02 -4.047942706352418152e-01 0.000000000000000000e+00 0.000000000000000000e+00 0.000000000000000000e+00 1.000000000000000000e+00
-3.958764048838500083e-01 -3.585063020989730231e-02 9.176037294877300576e-01 1.620614853397646327e+00 -9.183038016126460201e-01 1.545503631302732640e-02 -3.955746071177028700e-01 2.143391904051746177e+00 -0.000000000000000000e+00 -9.992376464916222778e-01 -3.904005422490847144e-02 -3.976485832482650196e-01 0.000000000000000000e+00 0.000000000000000000e+00 0.000000000000000000e+00 1.000000000000000000e+00
-3.918991270829735862e-01 -4.396903836963486634e-02 9.189569075078836136e-01 1.598199092465325322e+00 -9.200081924589602611e-01 1.872964599334949604e-02 -3.914513075330832148e-01 2.139867158842819084e+00 -0.000000000000000000e+00 -9.988573091417078942e-01 -4.779200742997322809e-02 -3.900754153793515866e-01 0.000000000000000000e+00 0.000000000000000000e+00 0.000000000000000000e+00 1.000000000000000000e+00
-3.872068941401534126e-01 -5.183376608491443299e-02 9.205346717119299305e-01 1.575433783049354552e+00 -9.219928530798575661e-01 2.176848932210601398e-02 -3.865945055769641758e-01 2.135311842064866017e+00 -0.000000000000000000e+00 -9.984184461267168187e-01 -5.621927101903999302e-02 -3.820966759631612142e-01 0.000000000000000000e+00 0.000000000000000000e+00 0.000000000000000000e+00 1.000000000000000000e+00
-3.818531920477242769e-01 -5.943717584084502042e-02 9.223097971132194761e-01 1.552356683083290223e+00 -9.242229924228047011e-01 2.455714206117226572e-02 -3.810627337471135800e-01 2.129755938133594206e+00 -0.000000000000000000e+00 -9.979299418806171218e-01 -6.431042760041427719e-02 -3.737342739343544884e-01 0.000000000000000000e+00 0.000000000000000000e+00 0.000000000000000000e+00 1.000000000000000000e+00
-3.758899584023747686e-01 -6.677174733164970011e-02 9.242555236137566244e-01 1.529005550500684096e+00 -9.266643077038528853e-01 2.708513656810538489e-02 -3.749128648163811972e-01 2.123229431464708217e+00 -0.000000000000000000e+00 -9.974005860913485177e-01 -7.205602587316753405e-02 -3.650101182275910516e-01 0.000000000000000000e+00 0.000000000000000000e+00 0.000000000000000000e+00 1.000000000000000000e+00
-3.693675158002120429e-01 -7.383009506688779922e-02 9.263459155920072963e-01 1.505418143235094153e+00 -9.292834004067758169e-01 2.934566440572674781e-02 -3.681999371387865150e-01 2.115762306473913501e+00 -0.000000000000000000e+00 -9.968389784930166142e-01 -7.944841695716300944e-02 -3.559461177775314900e-01 0.000000000000000000e+00 0.000000000000000000e+00 0.000000000000000000e+00 1.000000000000000000e+00
-3.623345150142135429e-01 -8.060501011087140011e-02 9.285561542386334688e-01 1.481632219220071933e+00 -9.320481206619187775e-01 3.133526756697601473e-02 -3.609770100395471859e-01 2.107384547576913736e+00 -0.000000000000000000e+00 -9.962534483511373828e-01 -8.648159716649352069e-02 -3.465641815188356123e-01 0.000000000000000000e+00 0.000000000000000000e+00 0.000000000000000000e+00 1.000000000000000000e+00
-3.548378844417047762e-01 -8.708951603585705914e-02 9.308627675235354726e-01 1.457685536389174530e+00 -9.349278452185147970e-01 3.305352363314492670e-02 -3.532950449843555440e-01 2.098126139189416595e+00 -0.000000000000000000e+00 -9.956519877809080210e-01 -9.315105596785618058e-02 -3.368862183861640047e-01 0.000000000000000000e+00 0.000000000000000000e+00 0.000000000000000000e+00 1.000000000000000000e+00
-3.469227838773064621e-01 -9.327693059491949656e-02 9.332438032184356969e-01 1.433615852675953928e+00 -9.378936944168138057e-01 3.450272949498960767e-02 -3.452028094187181706e-01 2.088017065727123533e+00 -0.000000000000000000e+00 -9.950421980379456910e-01 -9.945362800729720676e-02 -3.269341373141761986e-01 0.000000000000000000e+00 0.000000000000000000e+00 0.000000000000000000e+00 1.000000000000000000e+00
-3.386325618477045718e-01 -9.916092608172827338e-02 9.356789507064239286e-01 1.409460926013967441e+00 -9.409186936481070962e-01 3.568758773837765741e-02 -3.367468010612054141e-01 2.077087311605744002e+00 -0.000000000000000000e+00 -9.944312479100954061e-01 -1.053873482917678517e-01 -3.167298472375330576e-01 0.000000000000000000e+00 0.000000000000000000e+00 0.000000000000000000e+00 1.000000000000000000e+00
-3.300087165816130708e-01 -1.047355827731032557e-01 9.381496174285500755e-01 1.385258514336766833e+00 -9.439778847940012430e-01 3.661489936167491160e-02 -3.279711910588761214e-01 2.065366861240979013e+00 -0.000000000000000000e+00 -9.938258433175869433e-01 -1.109513098349323018e-01 -3.062952570908940575e-01 0.000000000000000000e+00 0.000000000000000000e+00 0.000000000000000000e+00 1.000000000000000000e+00
-3.210908612300957810e-01 -1.099954311944483371e-01 9.406389657838243323e-01 1.361046375577909640e+00 -9.470483930795274841e-01 3.729326610095975991e-02 -3.189177848113955993e-01 2.052885699048537127e+00 -0.000000000000000000e+00 -9.932322072002450764e-01 -1.161455232892323192e-01 -2.956522758089200065e-01 0.000000000000000000e+00 0.000000000000000000e+00 0.000000000000000000e+00 1.000000000000000000e+00
-3.119166942493949435e-01 -1.149354801703107581e-01 9.431319161424608355e-01 1.336862267670947180e+00 -9.501094546674764274e-01 3.773280525793448054e-02 -3.096259994878294286e-01 2.039673809444119357e+00 -0.000000000000000000e+00 -9.926560687395141747e-01 -1.209707782673696136e-01 -2.848228123262703804e-01 0.000000000000000000e+00 0.000000000000000000e+00 0.000000000000000000e+00 1.000000000000000000e+00
-3.025219759601518454e-01 -1.195512286966031457e-01 9.456151213777717057e-01 1.312743948549436546e+00 -9.531424101681581496e-01 3.794487953524137980e-02 -3.001328573413626355e-01 2.025761176843434708e+00 -0.000000000000000000e+00 -9.921026609349401504e-01 -1.254285061930161260e-01 -2.738287755776059873e-01 0.000000000000000000e+00 0.000000000000000000e+00 0.000000000000000000e+00 1.000000000000000000e+00
-2.929405122499496028e-01 -1.238386605818599107e-01 9.480769179913769440e-01 1.288729176146931277e+00 -9.561306690420180443e-01 3.794184397781664303e-02 -2.904729939130760163e-01 2.011177785662185524e+00 -0.000000000000000000e+00 -9.915767255340627306e-01 -1.295206446059703753e-01 -2.626920744975864697e-01 0.000000000000000000e+00 0.000000000000000000e+00 0.000000000000000000e+00 1.000000000000000000e+00
-2.832041462328509507e-01 -1.277942215452526897e-01 9.505072585184001221e-01 1.264855708396985801e+00 -9.590596496342248534e-01 3.773681169885343550e-02 -2.806786801420501076e-01 1.995953620316078370e+00 -0.000000000000000000e+00 -9.910825243048372313e-01 -1.332495028791921832e-01 -2.514346180208722470e-01 0.000000000000000000e+00 0.000000000000000000e+00 0.000000000000000000e+00 1.000000000000000000e+00
-2.733427584571080926e-01 -1.314147790290780826e-01 9.528976294711818396e-01 1.241161303233155211e+00 -9.619166993035619395e-01 3.734343964279538547e-02 -2.707798572947881510e-01 1.980118665220817364e+00 -0.000000000000000000e+00 -9.906238556426872899e-01 -1.366176292855959262e-01 -2.400783150821233503e-01 0.000000000000000000e+00 0.000000000000000000e+00 0.000000000000000000e+00 1.000000000000000000e+00
-2.633842759919709509e-01 -1.346975653888512758e-01 9.552409586269327013e-01 1.217683718588993269e+00 -9.646909987971200584e-01 3.677573521683166063e-02 -2.608041835152883903e-01 1.963702904792107962e+00 -0.000000000000000000e+00 -9.902040755205856470e-01 -1.396276792846689596e-01 -2.286450746160000047e-01 0.000000000000000000e+00 0.000000000000000000e+00 0.000000000000000000e+00 1.000000000000000000e+00
-2.533546904520539989e-01 -1.376401053750211378e-01 9.575315150000531794e-01 1.194460712398055291e+00 -9.673734546833213654e-01 3.604788421912214630e-02 -2.507770906948656453e-01 1.946736323445655392e+00 -0.000000000000000000e+00 -9.898261218192203614e-01 -1.422822847873977392e-01 -2.171568055571623246e-01 0.000000000000000000e+00 0.000000000000000000e+00 0.000000000000000000e+00 1.000000000000000000e+00
-2.432780847529145973e-01 -1.402401289294764597e-01 9.597648043749038571e-01 1.171530042593895482e+00 -9.699565832958472189e-01 3.517410011851910406e-02 -2.407218502793186110e-01 1.929248905597164221e+00 -0.000000000000000000e+00 -9.894925411132194926e-01 -1.445839240071446763e-01 -2.056354168402704241e-01 0.000000000000000000e+00 0.000000000000000000e+00 0.000000000000000000e+00 1.000000000000000000e+00
-2.331766681487539017e-01 -1.424954703016711732e-01 9.619374628189460985e-01 1.148929467110068492e+00 -9.724343892680091805e-01 3.416849440736502430e-02 -2.306596465766995729e-01 1.911270635662340345e+00 -0.000000000000000000e+00 -9.892055170354840943e-01 -1.465347913178320360e-01 -1.941028173999845008e-01 0.000000000000000000e+00 0.000000000000000000e+00 0.000000000000000000e+00 1.000000000000000000e+00
-2.230708188920801083e-01 -1.444039543576687012e-01 9.640471501564045198e-01 1.126696743880128970e+00 -9.748022413591470592e-01 3.304496746427947051e-02 -2.206096561043235926e-01 1.892831498056888107e+00 -0.000000000000000000e+00 -9.889668993910529782e-01 -1.481366663214983836e-01 -1.825809161709648076e-01 0.000000000000000000e+00 0.000000000000000000e+00 0.000000000000000000e+00 1.000000000000000000e+00
-2.129791336810667179e-01 -1.459632707239281457e-01 9.660924449637495748e-01 1.104869630837631345e+00 -9.770567478997637112e-01 3.181711913341849635e-02 -2.105891315181947776e-01 1.873961477196512959e+00 -0.000000000000000000e+00 -9.887782332402059726e-01 -1.493907810755967791e-01 -1.710916220878713478e-01 0.000000000000000000e+00 0.000000000000000000e+00 0.000000000000000000e+00 1.000000000000000000e+00
-2.029170100053307724e-01 -1.471730892591027184e-01 9.680727084513996994e-01 1.083485885916130043e+00 -9.791959390492264159e-01 3.049841409136344605e-02 -2.006119629718408348e-01 1.854690557496919467e+00 -0.000000000000000000e+00 -9.886404445175425160e-01 -1.502999383371666220e-01 -1.596568440853643467e-01 0.000000000000000000e+00 0.000000000000000000e+00 0.000000000000000000e+00 1.000000000000000000e+00
-1.928887872950878768e-01 -1.480477456609379239e-01 9.699875157653031765e-01 1.062583267049179492e+00 -9.812206254129752780e-01 2.910329173960340271e-02 -1.906805776005756903e-01 1.835048723373812640e+00 -0.000000000000000000e+00 -9.885519022361111130e-01 -1.508812002383538298e-01 -1.482984910981038629e-01 0.000000000000000000e+00 0.000000000000000000e+00 0.000000000000000000e+00 1.000000000000000000e+00
-1.828949338006965464e-01 -1.486069852657634360e-01 9.718361009554337127e-01 1.042199532170334786e+00 -9.831324647218394608e-01 2.764578091741976690e-02 -1.807934390607889297e-01 1.815065959242898375e+00 -0.000000000000000000e+00 -9.885098253066012530e-01 -1.511566249699721198e-01 -1.370384720607501494e-01 0.000000000000000000e+00 0.000000000000000000e+00 0.000000000000000000e+00 1.000000000000000000e+00
-1.729364204604692812e-01 -1.488697430949366962e-01 9.736173755994534940e-01 1.022372439213150130e+00 -9.849329898416032680e-01 2.613883457172890695e-02 -1.709496032429207169e-01 1.794772249519881013e+00 -0.000000000000000000e+00 -9.885112851748730778e-01 -1.511470776492905288e-01 -1.258986959079633206e-01 0.000000000000000000e+00 0.000000000000000000e+00 0.000000000000000000e+00 1.000000000000000000e+00
-1.630147166435381156e-01 -1.488542519725652991e-01 9.753300025259732386e-01 1.003139746111180175e+00 -9.866236375425164740e-01 2.459441755007404223e-02 -1.611487277881697433e-01 1.774197578620466009e+00 -0.000000000000000000e+00 -9.885532490943826911e-01 -1.508723755527808519e-01 -1.149010715744035599e-01 0.000000000000000000e+00 0.000000000000000000e+00 0.000000000000000000e+00 1.000000000000000000e+00
-1.531317752090995965e-01 -1.485781593496785236e-01 9.769724612216923454e-01 9.845392107979794583e-01 -9.882057778728627895e-01 2.302358254521752814e-02 -1.513910671918054784e-01 1.753371930960357705e+00 -0.000000000000000000e+00 -9.886326138718291023e-01 -1.503514376018896259e-01 -1.040675079947309400e-01 0.000000000000000000e+00 0.000000000000000000e+00 0.000000000000000000e+00 1.000000000000000000e+00
-1.432900201532923967e-01 -1.480586338603399332e-01 9.785431063902493287e-01 9.666085912071025188e-01 -9.896807415143881181e-01 2.143653376264937488e-02 -1.416774678478329164e-01 1.732325290955262442e+00 -0.000000000000000000e+00 -9.887462343592781089e-01 -1.496024199013752665e-01 -9.341991410360568626e-02 0.000000000000000000e+00 0.000000000000000000e+00 0.000000000000000000e+00 1.000000000000000000e+00
-1.334923366275392598e-01 -1.473124626640376078e-01 9.800402208101340884e-01 9.493856452721035621e-01 -9.910498453971524624e-01 1.984267990829356038e-02 -1.320093632752512847e-01 1.711087643020883675e+00 -0.000000000000000000e+00 -9.888909476772015372e-01 -1.486428390541786881e-01 -8.298019883568791277e-02 0.000000000000000000e+00 0.000000000000000000e+00 0.000000000000000000e+00 1.000000000000000000e+00
-1.237420631584481290e-01 -1.463561405375749247e-01 9.814620634197921412e-01 9.329081309265381261e-01 -9.923144168081458050e-01 1.825067788925289342e-02 -1.223887697106727929e-01 1.689688971572927967e+00 -0.000000000000000000e+00 -9.890635939531534637e-01 -1.474896847798911059e-01 -7.277027112563784483e-02 0.000000000000000000e+00 0.000000000000000000e+00 0.000000000000000000e+00 1.000000000000000000e+00
-1.140429859416523251e-01 -1.452059515999399031e-01 9.828069133748845720e-01 9.172138061039595280e-01 -9.934758161915729913e-01 1.666846844892192619e-02 -1.128182822154955578e-01 1.668159261027099216e+00 -0.000000000000000000e+00 -9.892610341964972465e-01 -1.461595231946135887e-01 -6.281203990811551341e-02 0.000000000000000000e+00 0.000000000000000000e+00 0.000000000000000000e+00 1.000000000000000000e+00
-1.043993351212608167e-01 -1.438780444857699348e-01 9.840731106687091723e-01 9.023404287379229727e-01 -9.945354588078991753e-01 1.510330481415537301e-02 -1.033010714245115452e-01 1.646528495799102876e+00 -0.000000000000000000e+00 -9.894801657934542138e-01 -1.446685919657700881e-01 -5.312741411778117151e-02 0.000000000000000000e+00 0.000000000000000000e+00 0.000000000000000000e+00 1.000000000000000000e+00
-9.481578300370620271e-02 -1.423885017271609710e-01 9.852590937764991175e-01 8.883257567619828876e-01 -9.954948353926272864e-01 1.356177531213471205e-02 -9.384088105398986912e-02 1.624826660304644177e+00 -0.000000000000000000e+00 -9.897179359930169396e-01 -1.430328884338233075e-01 -4.373830268929490561e-02 0.000000000000000000e+00 0.000000000000000000e+00 0.000000000000000000e+00 1.000000000000000000e+00
-8.529744419048189419e-02 -1.407534040595504465e-01 9.863634346731535718e-01 8.752075481096942555e-01 -9.963555319335420934e-01 1.204982081455503555e-02 -8.444202628884203699e-02 1.603083738959428572e+00 -0.000000000000000000e+00 -9.899713536582692708e-01 -1.412682516916449471e-01 -3.466661455731691321e-02 0.000000000000000000e+00 0.000000000000000000e+00 0.000000000000000000e+00 1.000000000000000000e+00
-7.584987764923351028e-02 -1.389888903349382754e-01 9.873848714782188507e-01 8.630235607146108379e-01 -9.971192486661745180e-01 1.057274778378814936e-02 -7.510939317891002220e-02 1.581329716179159961e+00 -0.000000000000000000e+00 -9.902374994756374393e-01 -1.393904395295354759e-01 -2.593425865650731549e-02 0.000000000000000000e+00 0.000000000000000000e+00 0.000000000000000000e+00 1.000000000000000000e+00
-6.647909077754519946e-02 -1.371112137044445400e-01 9.883223388985421520e-01 8.518115525102879504e-01 -9.977878183709154580e-01 9.135237627333678972e-03 -6.584843919259773803e-02 1.559594576379544462e+00 -0.000000000000000000e+00 -9.905135347434613768e-01 -1.374152010878480490e-01 -1.756314392152628218e-02 0.000000000000000000e+00 0.000000000000000000e+00 0.000000000000000000e+00 1.000000000000000000e+00
-5.719154554915503036e-02 -1.351367947217448628e-01 9.891749965653356957e-01 8.416092814302795766e-01 -9.983632240410795777e-01 7.741353011193721594e-03 -5.666519510120084785e-02 1.537908303976286195e+00 -0.000000000000000000e+00 -9.907967087984745902e-01 -1.353583460083304935e-01 -9.575179287033976083e-03 0.000000000000000000e+00 0.000000000000000000e+00 0.000000000000000000e+00 1.000000000000000000e+00
-4.799416686886170957e-02 -1.330822720189078490e-01 9.899422552961607558e-01 8.324545054081404771e-01 -9.988476159788157727e-01 6.394541738284703451e-03 -4.756626839887145852e-02 1.516300883385091058e+00 -0.000000000000000000e+00 -9.910843650821269391e-01 -1.332358108383674966e-01 -1.992273687690511441e-03 0.000000000000000000e+00 0.000000000000000000e+00 0.000000000000000000e+00 1.000000000000000000e+00
-3.889435330063915203e-02 -1.309645512162414260e-01 9.906238012515414804e-01 8.243849823774254126e-01 -9.992433283646806608e-01 5.097638763523607876e-03 -3.855884850085076337e-02 1.494802299021663616e+00 -0.000000000000000000e+00 -9.913739457963200996e-01 -1.310637234181712962e-01 5.163663941843976701e-03 0.000000000000000000e+00 0.000000000000000000e+00 0.000000000000000000e+00 1.000000000000000000e+00
-2.989999037413229935e-02 -1.288008527476184051e-01 9.912196178986335537e-01 8.174384702716883666e-01 -9.995528953365233615e-01 3.852866892089029747e-03 -2.965071400632788082e-02 1.473442535301708656e+00 -0.000000000000000000e+00 -9.916629950483168976e-01 -1.288584659686814460e-01 1.187072466690924227e-02 0.000000000000000000e+00 0.000000000000000000e+00 0.000000000000000000e+00 1.000000000000000000e+00
-2.101946671843105130e-02 -1.266087593121711929e-01 9.917300056387854390e-01 8.116527270244846548e-01 -9.997790666036535656e-01 2.661836691244746228e-03 -2.085024236205358303e-02 1.452251576640932296e+00 -0.000000000000000000e+00 -9.919491603357815102e-01 -1.266367375967106523e-01 1.810699955284525431e-02 0.000000000000000000e+00 0.000000000000000000e+00 0.000000000000000000e+00 1.000000000000000000e+00
-1.226169331957943295e-02 -1.244062637019847789e-01 9.921555989000155895e-01 8.070655105693682607e-01 -9.999248226126484784e-01 1.525546139121487571e-03 -1.216642231885899962e-02 1.431259407455038879e+00 -0.000000000000000000e+00 -9.922301921735146024e-01 -1.244156169430122583e-01 2.385057966499174592e-02 0.000000000000000000e+00 0.000000000000000000e+00 0.000000000000000000e+00 1.000000000000000000e+00
-3.636126250512671746e-03 -1.222118178033345937e-01 9.924973804373968811e-01 8.037145788398938340e-01 -9.999933892710942684e-01 4.443805365168346732e-04 -3.608869635832298930e-03 1.410496012159733414e+00 -0.000000000000000000e+00 -9.925039416118927038e-01 -1.222126257178720726e-01 2.907955606868864451e-02 0.000000000000000000e+00 0.000000000000000000e+00 0.000000000000000000e+00 1.000000000000000000e+00
4.847206720034472754e-03 -1.200443836259620783e-01 9.927566925218264116e-01 8.016376897696161352e-01 -9.999882522245016059e-01 -5.818867788894034870e-04 4.812153443449311563e-03 1.389991375170720689e+00 0.000000000000000000e+00 -9.927683553415870277e-01 -1.200457938969983068e-01 3.377201982927580115e-02 0.000000000000000000e+00 0.000000000000000000e+00 0.000000000000000000e+00 1.000000000000000000e+00
1.317767516854678744e-02 -1.179234872807253115e-01 9.929352446281202171e-01 8.008726012920895920e-01 -9.999131706689098342e-01 -1.554092350926940258e-03 1.308571434093397032e-02 1.369775480903706599e+00 0.000000000000000000e+00 -9.930214680179465514e-01 -1.179337273873873326e-01 3.790606201209296977e-02 0.000000000000000000e+00 0.000000000000000000e+00 0.000000000000000000e+00 1.000000000000000000e+00
2.134401016408511362e-02 -1.158692769005441187e-01 9.930351171537995514e-01 8.014570713408686320e-01 -9.997721906665114622e-01 -2.473678550932358750e-03 2.120018123298067145e-02 1.349878313774395489e+00 0.000000000000000000e+00 -9.932613913693473240e-01 -1.158956790179353769e-01 4.145977368248016104e-02 0.000000000000000000e+00 0.000000000000000000e+00 0.000000000000000000e+00 1.000000000000000000e+00
2.933426289652497215e-02 -1.139025855826095168e-01 9.930587606067999840e-01 8.034288578495083488e-01 -9.995696579130028958e-01 -3.342686888926160640e-03 2.914318829581009559e-02 1.330329858198493032e+00 0.000000000000000000e+00 -9.934862995743619640e-01 -1.139516237621960443e-01 4.441124590577707337e-02 0.000000000000000000e+00 0.000000000000000000e+00 0.000000000000000000e+00 1.000000000000000000e+00
3.713575706734848630e-02 -1.120450005209151362e-01 9.930089895893706720e-01 8.068257187515623929e-01 -9.993102298821096019e-01 -4.163747948869196518e-03 3.690159422007957546e-02 1.311160098591703349e+00 0.000000000000000000e+00 -9.936944102999102357e-01 -1.121223391600156688e-01 4.673856974732357172e-02 0.000000000000000000e+00 0.000000000000000000e+00 0.000000000000000000e+00 1.000000000000000000e+00
4.473503421883779502e-02 -1.103189395965495506e-01 9.928889707715220503e-01 8.116854119805860801e-01 -9.989988872433439582e-01 -4.940067102032125179e-03 4.446143299071689259e-02 1.292399019369732560e+00 0.000000000000000000e+00 -9.938839606831979534e-01 -1.104294919696714311e-01 4.841983627245959737e-02 0.000000000000000000e+00 0.000000000000000000e+00 0.000000000000000000e+00 1.000000000000000000e+00
5.211779105655907351e-02 -1.087477367976228682e-01 9.927022038843168472e-01 8.180456954701337269e-01 -9.986409444116463030e-01 -5.675405015194259599e-03 5.180785579937328966e-02 1.274076604948285230e+00 0.000000000000000000e+00 -9.940531774101969420e-01 -1.088957321509504833e-01 4.943313654652496669e-02 0.000000000000000000e+00 0.000000000000000000e+00 0.000000000000000000e+00 1.000000000000000000e+00
5.926880768132748029e-02 -1.073557379492106334e-01 9.924524945635505579e-01 8.259443271537595388e-01 -9.982420590398072280e-01 -6.374051792727580996e-03 5.892506281464458123e-02 1.256222839743065922e+00 0.000000000000000000e+00 -9.942002398878830860e-01 -1.075447953500119624e-01 4.975656163485943362e-02 0.000000000000000000e+00 0.000000000000000000e+00 0.000000000000000000e+00 1.000000000000000000e+00
6.617186548746928354e-02 -1.061684083431607972e-01 9.921439176287824013e-01 8.354190649650188316e-01 -9.978082402034512688e-01 -7.040793363732784395e-03 6.579622337870878745e-02 1.238867708169780313e+00 0.000000000000000000e+00 -9.943232353207327456e-01 -1.064016151254806725e-01 4.936820260280290473e-02 0.000000000000000000e+00 0.000000000000000000e+00 0.000000000000000000e+00 1.000000000000000000e+00
7.280965330072694530e-02 -1.052124539632766365e-01 9.917807690801698772e-01 8.465076668374653668e-01 -9.973458549501411641e-01 -7.680868434920026626e-03 7.240338302771152923e-02 1.222041194644133633e+00 0.000000000000000000e+00 -9.944201042774180044e-01 -1.054924462172015104e-01 4.824615051569530744e-02 0.000000000000000000e+00 0.000000000000000000e+00 0.000000000000000000e+00 1.000000000000000000e+00
7.916366011769376820e-02 -1.045159580960999812e-01 9.913675047226555570e-01 8.592478907046539049e-01 -9.968616327839938673e-01 -8.299913961467123708e-03 7.872735554724280549e-02 1.205773283581830446e+00 0.000000000000000000e+00 -9.944885750633269961e-01 -1.048450002075133891e-01 4.636849643887643035e-02 0.000000000000000000e+00 0.000000000000000000e+00 0.000000000000000000e+00 1.000000000000000000e+00
8.521405256481118240e-02 -1.041085351907407031e-01 9.909086628675318753e-01 8.736774945001392068e-01 -9.963626675289884993e-01 -8.903896622492796578e-03 8.474759807483846219e-02 1.190093959398575540e+00 0.000000000000000000e+00 -9.945260848893680006e-01 -1.044885949500027195e-01 4.371333143768606211e-02 0.000000000000000000e+00 0.000000000000000000e+00 0.000000000000000000e+00 1.000000000000000000e+00
9.094145746732916480e-02 -1.040232027088784372e-01 9.904084130357060367e-01 8.898040472339228124e-01 -9.958562402845694272e-01 -9.499384832957008529e-03 9.044396261817272409e-02 1.175020858222334708e+00 0.000000000000000000e+00 -9.945295043315623973e-01 -1.044560434537754601e-01 4.027069505212838019e-02 0.000000000000000000e+00 0.000000000000000000e+00 0.000000000000000000e+00 1.000000000000000000e+00
9.633445958254641117e-02 -1.043035786919176283e-01 9.898688980713545860e-01 9.074826638696321668e-01 -9.953490201416479444e-01 -1.009498043649207158e-02 9.580406814456321474e-02 1.160509257335169631e+00 0.000000000000000000e+00 -9.944942708945314624e-01 -1.047909593331133316e-01 3.609096661230751929e-02 0.000000000000000000e+00 0.000000000000000000e+00 0.000000000000000000e+00 1.000000000000000000e+00
1.013825906488703965e-01 -1.049984130983324104e-01 9.892911116350715517e-01 9.265204449417576704e-01 -9.948475110856556114e-01 -1.070014350471918535e-02 1.008163509340366804e-01 1.146494794498520875e+00 0.000000000000000000e+00 -9.944148229867707522e-01 -1.055422182076426046e-01 3.124352908020809269e-02 0.000000000000000000e+00 0.000000000000000000e+00 0.000000000000000000e+00 1.000000000000000000e+00
1.060732212989332207e-01 -1.061590082968374704e-01 9.886752432830001602e-01 9.467244731372356226e-01 -9.943583215940154929e-01 -1.132451726445480103e-02 1.054669786495257694e-01 1.132913100173578158e+00 0.000000000000000000e+00 -9.942846776784599605e-01 -1.067613213380245729e-01 2.579777248169849713e-02 0.000000000000000000e+00 0.000000000000000000e+00 0.000000000000000000e+00 1.000000000000000000e+00
1.103925509583350700e-01 -1.078376457259869053e-01 9.880205093302405484e-01 9.679018311430013233e-01 -9.938880644684849885e-01 -1.197767960660560925e-02 1.097408333225609739e-01 1.119699804821530531e+00 0.000000000000000000e+00 -9.940963622081704365e-01 -1.085007955937741381e-01 1.982308684264726811e-02 0.000000000000000000e+00 0.000000000000000000e+00 0.000000000000000000e+00 1.000000000000000000e+00
1.143454501557883141e-01 -1.100553565195593886e-01 9.873261550926434316e-01 9.898596016459910718e-01 -9.934410490958536233e-01 -1.266741423131043966e-02 1.136416234837493849e-01 1.106790538903566379e+00 0.000000000000000000e+00 -9.938447339086952104e-01 -1.107819700219982717e-01 1.338886218892275728e-02 0.000000000000000000e+00 0.000000000000000000e+00 0.000000000000000000e+00 1.000000000000000000e+00
1.179556913709185473e-01 -1.128016862674843107e-01 9.865912195273282004e-01 1.012404867333140057e+00 -9.930188592736839404e-01 -1.339914218871791733e-02 1.171921845320664235e-01 1.094120932880874753e+00 0.000000000000000000e+00 -9.935271725342083027e-01 -1.135947069021327194e-01 6.564488546393537453e-03 0.000000000000000000e+00 0.000000000000000000e+00 0.000000000000000000e+00 1.000000000000000000e+00
1.212480028654920744e-01 -1.160639475737155479e-01 9.858134112877220412e-01 1.035344710891385578e+00 -9.926222452681229269e-01 -1.417711714107008913e-02 1.204163093124795691e-01 1.081626617214645592e+00 0.000000000000000000e+00 -9.931405587444177563e-01 -1.169266033750481215e-01 -5.806440590721078342e-04 0.000000000000000000e+00 0.000000000000000000e+00 0.000000000000000000e+00 1.000000000000000000e+00
1.242475072139705983e-01 -1.198281285299217375e-01 9.849892266233833960e-01 1.058486215007662379e+00 -9.922512569662557125e-01 -1.500461315562169953e-02 1.233381718404153310e-01 1.069243222366066837e+00 0.000000000000000000e+00 -9.926812586107722769e-01 -1.207638969350248309e-01 -7.977145601605522066e-03 0.000000000000000000e+00 0.000000000000000000e+00 0.000000000000000000e+00 1.000000000000000000e+00
1.269799081111537553e-01 -1.240785544863927531e-01 9.841141271481932407e-01 1.081636462368906759e+00 -9.919052892973617697e-01 -1.588406032032321086e-02 1.259825134360216814e-01 1.056906378796328427e+00 0.000000000000000000e+00 -9.921452559702675922e-01 -1.250911310033305246e-01 -1.555562605533843470e-02 0.000000000000000000e+00 0.000000000000000000e+00 0.000000000000000000e+00 1.000000000000000000e+00
1.294716707599942174e-01 -1.287975320043818483e-01 9.831827308390824749e-01 1.104602535662054574e+00 -9.915831213118825316e-01 -1.681717982079906915e-02 1.283748261625278497e-01 1.044551716966619193e+00 0.000000000000000000e+00 -9.915283042921443357e-01 -1.298908071710421497e-01 -2.324669539440224475e-02 0.000000000000000000e+00 0.000000000000000000e+00 0.000000000000000000e+00 1.000000000000000000e+00
1.317501926249699251e-01 -1.339649812365380499e-01 9.821890197643106113e-01 1.127191517574041457e+00 -9.912829498903343861e-01 -1.780512020797591494e-02 1.305415296030202343e-01 1.032114867338127739e+00 0.000000000000000000e+00 -9.908261005326179927e-01 -1.351430297992703145e-01 -3.098096359292862312e-02 0.000000000000000000e+00 0.000000000000000000e+00 0.000000000000000000e+00 1.000000000000000000e+00
1.338439606302286311e-01 -1.395580644244397983e-01 9.811265671955466949e-01 1.149210490791803485e+00 -9.910024188682960977e-01 -1.884859585084228475e-02 1.325101363354434236e-01 1.019531460372043341e+00 0.000000000000000000e+00 -9.900344827775220402e-01 -1.408251501381925508e-01 -3.868904062504900654e-02 0.000000000000000000e+00 0.000000000000000000e+00 0.000000000000000000e+00 1.000000000000000000e+00
1.357826901174406242e-01 -1.455508197844297136e-01 9.799887856116270557e-01 1.170466538002276957e+00 -9.907386441763897933e-01 -1.994802764109203375e-02 1.343094007460353956e-01 1.006737126529555271e+00 0.000000000000000000e+00 -9.891496525062882794e-01 -1.469114187076324962e-01 -4.630153646489502950e-02 0.000000000000000000e+00 0.000000000000000000e+00 0.000000000000000000e+00 1.000000000000000000e+00
1.375974400855592139e-01 -1.519138116842289332e-01 9.787691956234981783e-01 1.190766741892397285e+00 -9.904882354081249174e-01 -2.110368488402759868e-02 1.359694451059307863e-01 9.936674962718523574e-01 0.000000000000000000e+00 -9.881684210213784736e-01 -1.533726562856485842e-01 -5.374906108659816689e-02 0.000000000000000000e+00 0.000000000000000000e+00 0.000000000000000000e+00 1.000000000000000000e+00
1.393206984538543913e-01 -1.586138095766937151e-01 9.774617140297100493e-01 1.209918185149100767e+00 -9.902473140495409165e-01 -2.231582597713168900e-02 1.375218561852195320e-01 9.802582000601234302e-01 0.000000000000000000e+00 -9.870884779605761938e-01 -1.601759553661949720e-01 -6.096222446429003239e-02 0.000000000000000000e+00 0.000000000000000000e+00 0.000000000000000000e+00 1.000000000000000000e+00
1.409864303733442681e-01 -1.656135095134245450e-01 9.760609570704223970e-01 1.227727950459322592e+00 -9.900115284432713381e-01 -2.358483397119102640e-02 1.389997451651232563e-01 9.664448683555578734e-01 0.000000000000000000e+00 -9.859086778567264231e-01 -1.672844252367858831e-01 -6.787163657210212864e-02 0.000000000000000000e+00 0.000000000000000000e+00 0.000000000000000000e+00 1.000000000000000000e+00
1.426300820259904512e-01 -1.728713130523212016e-01 9.745625525459232774e-01 1.244003120509999283e+00 -9.897760654316001272e-01 -2.491134148595673323e-02 1.404377633121192126e-01 9.521631316193445160e-01 0.000000000000000000e+00 -9.846293384766352519e-01 -1.746569947384403465e-01 -7.440790738416604155e-02 0.000000000000000000e+00 0.000000000000000000e+00 0.000000000000000000e+00 1.000000000000000000e+00
1.442885319748750395e-01 -1.803411788359739198e-01 9.729634519120370362e-01 1.258550777988066471e+00 -9.895356585492690593e-01 -2.629633780657282538e-02 1.418720658812972490e-01 9.373486203126726313e-01 0.000000000000000000e+00 -9.832525422464027942e-01 -1.822482871414327354e-01 -8.050164687461322521e-02 0.000000000000000000e+00 0.000000000000000000e+00 0.000000000000000000e+00 1.000000000000000000e+00
1.459999820528942172e-01 -1.879725618981369917e-01 9.712622309211893512e-01 1.271178005580460679e+00 -9.892845926428626147e-01 -2.774124945203911008e-02 1.433402171000350278e-01 9.219369648967311592e-01 0.000000000000000000e+00 -9.817824295903297971e-01 -1.900085812475562907e-01 -8.608346501757538349e-02 0.000000000000000000e+00 0.000000000000000000e+00 0.000000000000000000e+00 1.000000000000000000e+00
1.478037801016311992e-01 -1.957104547290572649e-01 9.694593650573573029e-01 1.281691885974117096e+00 -9.890167049082986273e-01 -2.924798425628807527e-02 1.448810299151523651e-01 9.058637958327091511e-01 0.000000000000000000e+00 -9.802254706579959231e-01 -1.978838716856693436e-01 -9.108397178718392884e-02 0.000000000000000000e+00 0.000000000000000000e+00 0.000000000000000000e+00 1.000000000000000000e+00
1.497401676982633989e-01 -2.034955422237665623e-01 9.675574641708631907e-01 1.289899501855971575e+00 -9.887253825899767756e-01 -3.081892824336676315e-02 1.465343355129924974e-01 8.890647435817954358e-01 0.000000000000000000e+00 -9.785906999133936468e-01 -2.058160393239908403e-01 -9.543377715757046797e-02 0.000000000000000000e+00 0.000000000000000000e+00 0.000000000000000000e+00 1.000000000000000000e+00
1.518499474337439703e-01 -2.112644798479109132e-01 9.655614496338184027e-01 1.295607935912960196e+00 -9.884035579986391040e-01 -3.245688453861950845e-02 1.483406794567071196e-01 8.714754386051790647e-01 0.000000000000000000e+00 -9.768898966621768487e-01 -2.137431397714593950e-01 -9.906349110286648274e-02 0.000000000000000000e+00 0.000000000000000000e+00 0.000000000000000000e+00 1.000000000000000000e+00
1.541740664112773995e-01 -2.189503007652998379e-01 9.634786572835931651e-01 1.298624270832019034e+00 -9.880437020932884007e-01 -3.416494446494766635e-02 1.503409436031848678e-01 8.530315113640494218e-01 0.000000000000000000e+00 -9.751376940537638260e-01 -2.215998141594621995e-01 -1.019037235972036215e-01 0.000000000000000000e+00 0.000000000000000000e+00 0.000000000000000000e+00 1.000000000000000000e+00
1.567522329917957202e-01 -2.264831427178376766e-01 9.613189499415568662e-01 1.298767506761828283e+00 -9.876379586934099786e-01 -3.594610559823707002e-02 1.525750308544442102e-01 8.336738557211190725e-01 0.000000000000000000e+00 -9.733515621587978117e-01 -2.293179810721960032e-01 -1.038874089022525232e-01 0.000000000000000000e+00 0.000000000000000000e+00 0.000000000000000000e+00 1.000000000000000000e+00
1.596073403418555026e-01 -2.337947532542160867e-01 9.590961944767580905e-01 1.296072321129456695e+00 -9.871805796859047799e-01 -3.779993196853465021e-02 1.550666573902173551e-01 8.134386203962181705e-01 0.000000000000000000e+00 -9.715509139998657062e-01 -2.368307866516209947e-01 -1.049895452712796273e-01 0.000000000000000000e+00 0.000000000000000000e+00 0.000000000000000000e+00 1.000000000000000000e+00
1.627474665904790618e-01 -2.408210824527282912e-01 9.568272928615053630e-01 1.290760875662684271e+00 -9.866677567035322394e-01 -3.972261260639824154e-02 1.578253842996781842e-01 7.924447574086700419e-01 0.000000000000000000e+00 -9.697563200588167343e-01 -2.440751517585961483e-01 -1.052216964136265531e-01 0.000000000000000000e+00 0.000000000000000000e+00 0.000000000000000000e+00 1.000000000000000000e+00
1.661793755819464258e-01 -2.475008415880791124e-01 9.545301192442210425e-01 1.283061576244666435e+00 -9.860955405695709386e-01 -4.170948312711840467e-02 1.608598889906188989e-01 7.708139765375969787e-01 0.000000000000000000e+00 -9.679894898347095600e-01 -2.509907320391308594e-01 -1.045966438493438067e-01 0.000000000000000000e+00 0.000000000000000000e+00 0.000000000000000000e+00 1.000000000000000000e+00
1.699090374225356581e-01 -2.537758000054050056e-01 9.522230633280019951e-01 1.273202828758560168e+00 -9.854597500670169152e-01 -4.375501069132448767e-02 1.641785005329708391e-01 7.486679875621230495e-01 0.000000000000000000e+00 -9.662729129862943633e-01 -2.575202081953593680e-01 -1.031271690984820605e-01 0.000000000000000000e+00 0.000000000000000000e+00 0.000000000000000000e+00 1.000000000000000000e+00
1.739417029448036833e-01 -2.595910342947890248e-01 9.499246174778414042e-01 1.261413039087522003e+00 -9.847559514807014969e-01 -4.585268716228056013e-02 1.677892937685130093e-01 7.261285002613712125e-01 0.000000000000000000e+00 -9.646294760133342638e-01 -2.636095104624267549e-01 -1.008260536810918762e-01 0.000000000000000000e+00 0.000000000000000000e+00 0.000000000000000000e+00 1.000000000000000000e+00
1.782819932327614210e-01 -2.648950471970707987e-01 9.476529664700128475e-01 1.247920613114708033e+00 -9.839794362124412164e-01 -4.799492273290160288e-02 1.717001936600806300e-01 7.033172244144646479e-01 0.000000000000000000e+00 -9.630820844363809918e-01 -2.692079096863158050e-01 -9.770607911722380134e-02 0.000000000000000000e+00 0.000000000000000000e+00 0.000000000000000000e+00 1.000000000000000000e+00
