-2.714868023478272385e-01 1.756100765349718762e-01 -9.462853782925810808e-01 4.166547099688942879e+00 9.624421624965064925e-01 4.953629422766458318e-02 -2.669292779056626208e-01 -1.012408535352997269e-01 0.000000000000000000e+00 -9.832127219343591573e-01 -1.824629919365251540e-01 3.652362812537355424e-02 0.000000000000000000e+00 0.000000000000000000e+00 0.000000000000000000e+00 1.000000000000000000e+00
-2.687246008814559439e-01 1.552341136531757704e-01 -9.506258248329965133e-01 4.180650933950154524e+00 9.632170518014629979e-01 4.330822960060565219e-02 -2.652118179262737963e-01 -9.377728068813641349e-02 0.000000000000000000e+00 -9.869279442832562532e-01 -1.611621320063303664e-01 8.618783307644522357e-03 0.000000000000000000e+00 0.000000000000000000e+00 0.000000000000000000e+00 1.000000000000000000e+00
-2.659305704252035163e-01 1.364578758012637838e-01 -9.542851669417966587e-01 4.191603063291502451e+00 9.639921844669312456e-01 3.764379144931385979e-02 -2.632527554499566880e-01 -8.693493168397931070e-02 0.000000000000000000e+00 -9.899303981074262238e-01 -1.415549607144608868e-01 -1.806983888359055615e-02 0.000000000000000000e+00 0.000000000000000000e+00 0.000000000000000000e+00 1.000000000000000000e+00
-2.630976803152569321e-01 1.191985421514677318e-01 -9.573773123286845044e-01 4.199523702841320372e+00 9.647692006965867817e-01 3.250607493934117714e-02 -2.610818731342853249e-01 -8.069065503471270495e-02 0.000000000000000000e+00 -9.923381795743841938e-01 -1.235513551483644751e-01 -4.356033203933602077e-02 0.000000000000000000e+00 0.000000000000000000e+00 0.000000000000000000e+00 1.000000000000000000e+00
-2.602193493202367147e-01 1.033751011790641910e-01 -9.599997284872380243e-01 4.204533067727936668e+00 9.655495275952200585e-01 2.785999143071082873e-02 -2.587236568969449313e-01 -7.502129925222085494e-02 0.000000000000000000e+00 -9.942521859838674425e-01 -1.070634889507204451e-01 -6.787078975059614161e-02 0.000000000000000000e+00 0.000000000000000000e+00 0.000000000000000000e+00 1.000000000000000000e+00
-2.572893700331124744e-01 8.890973453912061342e-02 -9.622355424594059015e-01 4.206751373079681500e+00 9.663344038519813273e-01 2.367247766217953422e-02 -2.561980361622029911e-01 -6.990371284838801935e-02 0.000000000000000000e+00 -9.957583406155916528e-01 -9.200721218732413331e-02 -9.101930560837527551e-02 0.000000000000000000e+00 0.000000000000000000e+00 0.000000000000000000e+00 1.000000000000000000e+00
-2.543018480108329982e-01 7.572871245660281470e-02 -9.641554502298580465e-01 4.206298834024884137e+00 9.671248989134109131e-01 1.991257959218284412e-02 -2.535210426684731400e-01 -6.531474433509847077e-02 0.000000000000000000e+00 -9.969296120005917139e-01 -7.830292916838962891e-02 -1.130239732036776440e-01 0.000000000000000000e+00 0.000000000000000000e+00 0.000000000000000000e+00 1.000000000000000000e+00
-2.512511530569464524e-01 6.376292314926219895e-02 -9.658194177583179219e-01 4.203295665691876515e+00 9.679219276819567286e-01 1.655144646004720610e-02 -2.507053879208129832e-01 -6.123124222423650953e-02 0.000000000000000000e+00 -9.978278104219894251e-01 -6.587610149711749241e-02 -1.339028861275077253e-01 0.000000000000000000e+00 0.000000000000000000e+00 0.000000000000000000e+00 1.000000000000000000e+00
-2.481318806584212888e-01 5.294813293085398609e-02 -9.672781735468094499e-01 4.197862083208987904e+00 9.687262615418841261e-01 1.356226245025447287e-02 -2.477609639073828085e-01 -5.763005502768637350e-02 0.000000000000000000e+00 -9.985051628591447015e-01 -5.465747655749364498e-02 -1.536741379708696509e-01 0.000000000000000000e+00 0.000000000000000000e+00 0.000000000000000000e+00 1.000000000000000000e+00
-2.449388220587684906e-01 4.322505175425273016e-02 -9.685745032517143471e-01 4.190118301704546688e+00 9.695385363400791379e-01 1.092013660445391270e-02 -2.446952741024581712e-01 -5.448803125733234914e-02 0.000000000000000000e+00 -9.990056784209899732e-01 -4.458311880765813973e-02 -1.723558223247678434e-01 0.000000000000000000e+00 0.000000000000000000e+00 0.000000000000000000e+00 1.000000000000000000e+00
-2.416669418132044167e-01 3.453926104138951153e-02 -9.697443625416792834e-01 4.180184536306883913e+00 9.703592578188003914e-01 8.601966252296250684e-03 -2.415138027979789881e-01 -5.178201942505872291e-02 0.000000000000000000e+00 -9.993663220377746459e-01 -3.559430258750535814e-02 -1.899660327802066007e-01 0.000000000000000000e+00 0.000000000000000000e+00 0.000000000000000000e+00 1.000000000000000000e+00
-2.383113619551581464e-01 2.684104633732082787e-02 -9.708178268833939084e-01 4.168181002144332403e+00 9.711888048999934853e-01 6.586285052582651657e-03 -2.382203309672130398e-01 -4.948886804274973267e-02 0.000000000000000000e+00 -9.996180165846971777e-01 -2.763731027571383544e-02 -2.065228629281901929e-01 0.000000000000000000e+00 0.000000000000000000e+00 0.000000000000000000e+00 1.000000000000000000e+00
-2.348673521264892095e-01 2.008516610235576774e-02 -9.718198974129581558e-01 4.154227914345218764e+00 9.720274311484691232e-01 4.853103552754037958e-03 -2.348172065262988939e-01 -4.758542562228965794e-02 0.000000000000000000e+00 -9.997864939518572580e-01 -2.066316799169418128e-02 -2.220444063597229178e-01 0.000000000000000000e+00 0.000000000000000000e+00 0.000000000000000000e+00 1.000000000000000000e+00
-2.313303252005737831e-01 1.423057928070607485e-02 -9.727711813453010503e-01 4.138445488037874931e+00 9.728752646884372135e-01 3.383747796129377150e-03 -2.313055762584538821e-01 -4.604854067556279906e-02 0.000000000000000000e+00 -9.998930147091675824e-01 -1.462734206246205093e-02 -2.365487566658092677e-01 0.000000000000000000e+00 0.000000000000000000e+00 0.000000000000000000e+00 1.000000000000000000e+00
-2.276958380682458927e-01 9.240147659196003976e-03 -9.736884640364366073e-01 4.120953938350628398e+00 9.737323068104494217e-01 2.160699763599952666e-03 -2.276855859516197511e-01 -4.485506171445335921e-02 0.000000000000000000e+00 -9.999549745102365161e-01 -9.489412638944851042e-03 -2.500540074374532074e-01 0.000000000000000000e+00 0.000000000000000000e+00 0.000000000000000000e+00 1.000000000000000000e+00
-2.239595973689130770e-01 5.080324025215038168e-03 -9.745851881976008713e-01 4.101873480411812878e+00 9.745984294807550352e-01 1.167442188263082079e-03 -2.239565545644572608e-01 -4.398183725084569423e-02 0.000000000000000000e+00 -9.999864136009728455e-01 -5.212735698662806019e-03 -2.625782522656593954e-01 0.000000000000000000e+00 0.000000000000000000e+00 0.000000000000000000e+00 1.000000000000000000e+00
-2.201174700383179417e-01 1.720833393205788847e-03 -9.754718540872222565e-01 4.081324329349754088e+00 9.754733719502189926e-01 3.883094134211206730e-04 -2.201171275295705776e-01 -4.340571579662399343e-02 0.000000000000000000e+00 -9.999984439729056040e-01 -1.764100838309308038e-03 -2.741395847414319076e-01 0.000000000000000000e+00 0.000000000000000000e+00 0.000000000000000000e+00 1.000000000000000000e+00
-2.161654986141250401e-01 -8.656481925741213663e-04 -9.763563529071307423e-01 4.059426700292785739e+00 9.763567366536202163e-01 -1.916546136748645919e-04 -2.161654136526062198e-01 -4.310354586367259183e-02 0.000000000000000000e+00 -9.999996069607807181e-01 8.866105595184983973e-04 -2.847560984557752084e-01 0.000000000000000000e+00 0.000000000000000000e+00 0.000000000000000000e+00 1.000000000000000000e+00
-2.120999212932226097e-01 -2.703814779051215162e-03 -9.772442441749398245e-01 4.036300808369237103e+00 9.772479845911214991e-01 -5.868304779038835579e-04 -2.120991094808779009e-01 -4.305217596387574119e-02 0.000000000000000000e+00 -9.999961725004905544e-01 2.766764241711366316e-03 -2.944458869996935402e-01 0.000000000000000000e+00 0.000000000000000000e+00 0.000000000000000000e+00 1.000000000000000000e+00
-2.079171967718520253e-01 -3.816050475869347917e-03 -9.781389865685246043e-01 4.012066868707439227e+00 9.781464303909382929e-01 -8.111490192378840135e-04 -2.079156144947599261e-01 -4.322845460911770715e-02 0.000000000000000000e+00 -9.999923898690600277e-01 3.901307981407422468e-03 -3.032270439641913118e-01 0.000000000000000000e+00 0.000000000000000000e+00 0.000000000000000000e+00 1.000000000000000000e+00
-2.036140339221120532e-01 -4.222748180358973542e-03 -9.790421306500400878e-01 3.986845096435718272e+00 9.790512372649170514e-01 -8.782081657361683925e-04 -2.036121400124575875e-01 -4.360923031128274147e-02 0.000000000000000000e+00 -9.999906985308527618e-01 4.313102337887510587e-03 -3.111176629402725990e-01 0.000000000000000000e+00 0.000000000000000000e+00 0.000000000000000000e+00 1.000000000000000000e+00
-1.991874263661215505e-01 -3.942627580952305991e-03 -9.799534809700912730e-01 3.960755706682408395e+00 9.799614120860274946e-01 -8.013803720069709920e-04 -1.991858142836945567e-01 -4.417135158225516528e-02 0.000000000000000000e+00 -9.999919067058778976e-01 4.023247785399734593e-03 -3.181358375189419219e-01 0.000000000000000000e+00 0.000000000000000000e+00 0.000000000000000000e+00 1.000000000000000000e+00
-1.946346920017325011e-01 -2.993053302168230401e-03 -9.808712343122930610e-01 3.933918914575837977e+00 9.808758008378994919e-01 -5.939100619208313205e-04 -1.946337858683523381e-01 -4.489166693391920260e-02 0.000000000000000000e+00 -9.999953444405472736e-01 3.051409056693473419e-03 -3.242996612912035226e-01 0.000000000000000000e+00 0.000000000000000000e+00 0.000000000000000000e+00 1.000000000000000000e+00
-1.899535175103464479e-01 -1.390354158006046944e-03 -9.817921002436115208e-01 3.906454935244336735e+00 9.817930847105444947e-01 -2.690003291032022972e-04 -1.899533270395031559e-01 -4.574702487815912599e-02 0.000000000000000000e+00 -9.999989972765664925e-01 1.416137656353482670e-03 -3.296272278480617546e-01 0.000000000000000000e+00 0.000000000000000000e+00 0.000000000000000000e+00 1.000000000000000000e+00
-1.851420078369878930e-01 8.498556158076869078e-04 -9.827114096618198014e-01 3.878483983816234382e+00 9.827117771422547721e-01 1.601120274957264949e-04 -1.851419386040071280e-01 -4.671427392685922192e-02 0.000000000000000000e+00 -9.999996260547155957e-01 -8.648065847741071488e-04 -3.341366307805207492e-01 0.000000000000000000e+00 0.000000000000000000e+00 0.000000000000000000e+00 1.000000000000000000e+00
-1.801987405740381742e-01 3.712352553414207182e-03 -9.836232166505880503e-01 3.850126275419863742e+00 9.836302221340753604e-01 6.800942464340741130e-04 -1.801974571859588647e-01 -4.777026259190378377e-02 0.000000000000000000e+00 -9.999928779298056236e-01 -3.774134293433888468e-03 -3.378459636795851928e-01 0.000000000000000000e+00 0.000000000000000000e+00 0.000000000000000000e+00 1.000000000000000000e+00
-1.751228251015660153e-01 7.181977410560173511e-03 -9.845203986352545344e-01 3.821502025183552309e+00 9.845465941886378802e-01 1.277469427426558167e-03 -1.751181656579798296e-01 -4.889183938517703554e-02 0.000000000000000000e+00 -9.999733932822094662e-01 -7.294705454218569293e-03 -3.407733201362591058e-01 0.000000000000000000e+00 0.000000000000000000e+00 0.000000000000000000e+00 1.000000000000000000e+00
-1.699139662377625593e-01 1.124330629421304260e-02 -9.853947595461053366e-01 3.792731448235630243e+00 9.854589002476726867e-01 1.938583908061111347e-03 -1.699029070236260375e-01 -5.005585281856327756e-02 0.000000000000000000e+00 -9.999349128598350456e-01 -1.140920873654628458e-02 -3.429367937415467305e-01 0.000000000000000000e+00 0.000000000000000000e+00 0.000000000000000000e+00 1.000000000000000000e+00
-1.645725320315774842e-01 1.588032060481984684e-02 -9.862371404070136016e-01 3.763934759704427702e+00 9.863649840199698593e-01 2.649591797913541848e-03 -1.645512016443180792e-01 -5.123915140394677548e-02 0.000000000000000000e+00 -9.998703891409089772e-01 -1.609984221063785401e-02 -3.443544780864525867e-01 0.000000000000000000e+00 0.000000000000000000e+00 0.000000000000000000e+00 1.000000000000000000e+00
-1.590996251857085819e-01 2.107607776369075162e-02 -9.870375414399726877e-01 3.735232174718276621e+00 9.872625331013868966e-01 3.396458348372963926e-03 -1.590633672626124151e-01 -5.241858365321178798e-02 0.000000000000000000e+00 -9.997721055404510393e-01 -2.134799717100814911e-02 -3.450444667619809169e-01 0.000000000000000000e+00 0.000000000000000000e+00 0.000000000000000000e+00 1.000000000000000000e+00
-1.534971574317540721e-01 2.681238563593593693e-02 -9.877852593741622833e-01 3.706743908405505827e+00 9.881490892878317389e-01 4.164983830573915774e-03 -1.534406408006684097e-01 -5.357099807824262233e-02 0.000000000000000000e+00 -9.996318066599326757e-01 -2.713394762652654793e-02 -3.450248533591361300e-01 0.000000000000000000e+00 0.000000000000000000e+00 0.000000000000000000e+00 1.000000000000000000e+00
-1.477679259916409860e-01 3.306948456887770504e-02 -9.884690431361407015e-01 3.678590175894443259e+00 9.890220624678344175e-01 4.940849485361768767e-03 -1.476853004135282310e-01 -5.467324319092348867e-02 0.000000000000000000e+00 -9.994408422696722250e-01 -3.343654891414842012e-02 -3.443137314689223571e-01 0.000000000000000000e+00 0.000000000000000000e+00 0.000000000000000000e+00 1.000000000000000000e+00
-1.419156910526431503e-01 3.982574200781187346e-02 -9.890772704427991391e-01 3.650891192313421740e+00 9.898787484500567446e-01 5.709686875864940746e-03 -1.418007857620289525e-01 -5.570216750313870119e-02 0.000000000000000000e+00 -9.991903270895424738e-01 -4.023294981347024651e-02 -3.429291946823438963e-01 0.000000000000000000e+00 0.000000000000000000e+00 0.000000000000000000e+00 1.000000000000000000e+00
-1.359452529611087923e-01 4.705736567439074841e-02 -9.895981469935798414e-01 3.623767172790770541e+00 9.907163510295670106e-01 6.457171594715638979e-03 -1.357918139567192706e-01 -5.663461952677252553e-02 0.000000000000000000e+00 -9.988713176734944632e-01 -4.749832343585329991e-02 -3.408893365904052675e-01 0.000000000000000000e+00 0.000000000000000000e+00 0.000000000000000000e+00 1.000000000000000000e+00
-1.298625276078353707e-01 5.473814223433727533e-02 -9.900199289448863293e-01 3.597338332454819376e+00 9.915320085218147783e-01 7.169141738253678210e-03 -1.296644881354669099e-01 -5.744744777370922734e-02 0.000000000000000000e+00 -9.984750067935954654e-01 -5.520562297927367190e-02 -3.382122507841106018e-01 0.000000000000000000e+00 0.000000000000000000e+00 0.000000000000000000e+00 1.000000000000000000e+00
-1.236746182431870816e-01 6.283920916587612537e-02 -9.903311681421570478e-01 3.571724886433899293e+00 9.923228248923844363e-01 7.831740850197946996e-03 -1.234263952031874195e-01 -5.811750075583309305e-02 0.000000000000000000e+00 -9.979929346576872362e-01 -6.332536911331342055e-02 -3.349160308544643083e-01 0.000000000000000000e+00 0.000000000000000000e+00 0.000000000000000000e+00 1.000000000000000000e+00
-1.173898817319037058e-01 7.132886808468756612e-02 -9.905209781951752612e-01 3.547047049856339118e+00 9.930859054819828335e-01 8.431584158339408205e-03 -1.170866889172769293e-01 -5.862162698502833280e-02 0.000000000000000000e+00 -9.974172150942343107e-01 -7.182547621604690180e-02 -3.310187703924705738e-01 0.000000000000000000e+00 0.000000000000000000e+00 0.000000000000000000e+00 1.000000000000000000e+00
-1.110179870475059560e-01 8.017244799800336830e-02 -9.905793179417422545e-01 3.523425037850470343e+00 9.938183971691808560e-01 8.955945893899575766e-03 -1.106561542853615743e-01 -5.893667497317932324e-02 0.000000000000000000e+00 -9.967407735289818271e-01 -8.067112485175230441e-02 -3.265385629891339736e-01 0.000000000000000000e+00 0.000000000000000000e+00 0.000000000000000000e+00 1.000000000000000000e+00
-1.045699636275677635e-01 8.933222676536804741e-02 -9.904972872088394498e-01 3.500979065544621793e+00 9.945175326292288176e-01 9.392964324045570065e-03 -1.041472491920840543e-01 -5.903949323217025369e-02 0.000000000000000000e+00 -9.959575922108069301e-01 -8.982468768468908349e-02 -3.214935022354585281e-01 0.000000000000000000e+00 0.000000000000000000e+00 0.000000000000000000e+00 1.000000000000000000e+00
-9.805823707877069084e-02 9.876741836417458897e-02 -9.902674281277153989e-01 3.479829348067123185e+00 9.951806781389013201e-01 9.731859890732920404e-03 -9.757411932507280283e-02 -5.890693027388539671e-02 0.000000000000000000e+00 -9.950629567885357352e-01 -9.924571541007072562e-02 -3.159016817224486462e-01 0.000000000000000000e+00 0.000000000000000000e+00 0.000000000000000000e+00 1.000000000000000000e+00
-9.149664965044999876e-02 1.084342323439839578e-01 -9.898840236910148027e-01 3.460096100546306008e+00 9.958053841503081705e-01 9.963160598251445330e-03 -9.095258285585210156e-02 -5.851583461020903876e-02 0.000000000000000000e+00 -9.940536970842492881e-01 -1.088909882090140779e-01 -3.097811950411087367e-01 0.000000000000000000e+00 0.000000000000000000e+00 0.000000000000000000e+00 1.000000000000000000e+00
-8.490046290334707368e-02 1.182860100870514464e-01 -9.893433838746198417e-01 3.441899538110499535e+00 9.963894376190453039e-01 1.007892760824333905e-02 -8.430008196597678360e-02 -5.784305475302547322e-02 0.000000000000000000e+00 -9.929284138526572878e-01 -1.187146366883470999e-01 -3.031501357824429865e-01 0.000000000000000000e+00 0.000000000000000000e+00 0.000000000000000000e+00 1.000000000000000000e+00
-7.828634010172229318e-02 1.282734401975659522e-01 -9.886441086120723032e-01 3.425359875888033478e+00 9.969309148348632910e-01 1.007297297725790949e-02 -7.763559919213584848e-02 -5.686543921421894493e-02 0.000000000000000000e+00 -9.916876825670877249e-01 -1.286683342735076285e-01 -2.960265975374557490e-01 0.000000000000000000e+00 0.000000000000000000e+00 0.000000000000000000e+00 1.000000000000000000e+00
-7.167230606497219936e-02 1.383448525918000716e-01 -9.877873163311432503e-01 3.410597329007238443e+00 9.974282332796325923e-01 9.941060706563248708e-03 -7.097953767600542752e-02 -5.555983650567375420e-02 0.000000000000000000e+00 -9.903342249328667135e-01 -1.387015606495415887e-01 -2.884286738971513220e-01 0.000000000000000000e+00 0.000000000000000000e+00 0.000000000000000000e+00 1.000000000000000000e+00
-6.507768253909020084e-02 1.484465877797608580e-01 -9.867768267505511171e-01 3.397732112596444587e+00 9.978802008434386472e-01 9.681081862709637470e-03 -6.435356570250105879e-02 -5.390309513927410423e-02 0.000000000000000000e+00 -9.888730389845368229e-01 -1.487619332002872719e-01 -2.803744584525341144e-01 0.000000000000000000e+00 0.000000000000000000e+00 0.000000000000000000e+00 1.000000000000000000e+00
-5.852295694434498513e-02 1.585235958734024508e-01 -9.856192637432856785e-01 3.386880787322802178e+00 9.982860629651654216e-01 9.293197531382945895e-03 -5.778038567846666140e-02 -5.187242541102499160e-02 0.000000000000000000e+00 -9.873114534081982585e-01 -1.587957618105443058e-01 -2.718820291387508692e-01 0.000000000000000000e+00 0.000000000000000000e+00 0.000000000000000000e+00 1.000000000000000000e+00
-5.202854520409693623e-02 1.685239023126691715e-01 -9.843234858689775546e-01 3.378072355610816757e+00 9.986455980396374832e-01 8.779945044225297840e-03 -5.128237593048066284e-02 -4.945370570239291524e-02 0.000000000000000000e+00 -9.856584636243582720e-01 -1.687524609766318795e-01 -2.629690887879441163e-01 0.000000000000000000e+00 0.000000000000000000e+00 0.000000000000000000e+00 1.000000000000000000e+00
-4.561383188516093118e-02 1.784003470461362761e-01 -9.829001447321952245e-01 3.371246268615652131e+00 9.989591474833955376e-01 8.146002225333331265e-03 -4.488055600137533935e-02 -4.664167978583933644e-02 0.000000000000000000e+00 -9.839242647793391416e-01 -1.785862289719926388e-01 -2.536529565910461970e-01 0.000000000000000000e+00 0.000000000000000000e+00 0.000000000000000000e+00 1.000000000000000000e+00
-3.929765534348004380e-02 1.881077175861096129e-01 -9.813619010686371880e-01 3.366337924362649670e+00 9.992275488018257379e-01 7.397906775100022460e-03 -3.859503453608863904e-02 -4.343149268531949075e-02 0.000000000000000000e+00 -9.821205412574830484e-01 -1.882531339449854679e-01 -2.439509343752196968e-01 0.000000000000000000e+00 0.000000000000000000e+00 0.000000000000000000e+00 1.000000000000000000e+00
-3.309824220673387302e-02 1.976029170073648478e-01 -9.797232229323774577e-01 3.363282720877152077e+00 9.994521030858979360e-01 6.543894587517604632e-03 -3.244489298492256313e-02 -3.981828942478867622e-02 0.000000000000000000e+00 -9.802603045282451966e-01 -1.977112423869519520e-01 -2.338803239676270351e-01 0.000000000000000000e+00 0.000000000000000000e+00 0.000000000000000000e+00 1.000000000000000000e+00
-2.703311510845048116e-02 2.068452403902689141e-01 -9.780001315007196272e-01 3.362016056184505608e+00 9.996345385627356528e-01 5.593715480404366433e-03 -2.644805587545175432e-02 -3.579721502820208678e-02 0.000000000000000000e+00 -9.783576835058924726e-01 -2.069208619858902420e-01 -2.234584271954307977e-01 0.000000000000000000e+00 0.000000000000000000e+00 0.000000000000000000e+00 1.000000000000000000e+00
-2.111901226966584125e-02 2.157965875490848173e-01 -9.762099262571161118e-01 3.362473328310050746e+00 9.997769687889163093e-01 4.558427451796352378e-03 -2.062118857905639174e-02 -3.136341451951501352e-02 0.000000000000000000e+00 -9.764277001096072217e-01 -2.158447276601008769e-01 -2.127025458857935147e-01 0.000000000000000000e+00 0.000000000000000000e+00 0.000000000000000000e+00 1.000000000000000000e+00
-1.537181959984830135e-02 2.244216103889514480e-01 -9.743708985558935387e-01 3.364589935279132416e+00 9.998818466009820050e-01 3.450176159246828942e-03 -1.497962356938401830e-02 -2.651203292268266426e-02 0.000000000000000000e+00 -9.744860373935071429e-01 -2.244481296983785457e-01 -2.016299818658774667e-01 0.000000000000000000e+00 0.000000000000000000e+00 0.000000000000000000e+00 1.000000000000000000e+00
-9.806515683630634764e-03 2.326877955781269935e-01 -9.725020421773614698e-01 3.368301275117092430e+00 9.999519149689882758e-01 2.281966245144006946e-03 -9.537315131068962309e-03 -2.123821526166037865e-02 0.000000000000000000e+00 -9.725488072169170550e-01 -2.326989849160330803e-01 -1.902580369628454615e-01 0.000000000000000000e+00 0.000000000000000000e+00 0.000000000000000000e+00 1.000000000000000000e+00
-4.437129725929377967e-03 2.405654853126923121e-01 -9.706227687191683051e-01 3.373542745849275271e+00 9.999901558914443545e-01 1.067430773817987406e-03 -4.306821536566432518e-03 -1.553710656040332809e-02 0.000000000000000000e+00 -9.706323237291306638e-01 -2.405678534887570608e-01 -1.786040130038599183e-01 0.000000000000000000e+00 0.000000000000000000e+00 0.000000000000000000e+00 1.000000000000000000e+00
7.232877453511794060e-04 2.480278407024109344e-01 -9.687526346242042452e-01 3.380249745501024083e+00 9.999997384273844325e-01 -1.793955446109301102e-04 7.006870921809109842e-04 -9.403851842866826211e-03 0.000000000000000000e+00 -9.687528880234309581e-01 -2.480279055797189325e-01 -1.666852118160832286e-01 0.000000000000000000e+00 0.000000000000000000e+00 0.000000000000000000e+00 1.000000000000000000e+00
5.662681865037690922e-03 2.550507536661620334e-01 -9.669110854098313945e-01 3.388357672097681128e+00 9.999839668885173172e-01 -1.444294433983245004e-03 5.475397656115194196e-03 -2.833596133006102517e-03 0.000000000000000000e+00 -9.669265882516162591e-01 -2.550548429888938595e-01 -1.545189352266781169e-01 0.000000000000000000e+00 0.000000000000000000e+00 0.000000000000000000e+00 1.000000000000000000e+00
1.036999876223144990e-02 2.616127141738978090e-01 -9.651172213302577907e-01 3.397801923664590884e+00 9.999462301172354906e-01 -2.713069403591093515e-03 1.000880256274344106e-02 4.178515545223655987e-03 0.000000000000000000e+00 -9.651691183605999313e-01 -2.616267818152840929e-01 -1.421224850628069192e-01 0.000000000000000000e+00 0.000000000000000000e+00 0.000000000000000000e+00 1.000000000000000000e+00
1.483518006905617560e-02 2.676946402195183317e-01 -9.633895873581265201e-01 3.408517898227096943e+00 9.998899526609509314e-01 -3.971735270075641214e-03 1.429363098116635811e-02 1.163733816786701944e-02 0.000000000000000000e+00 -9.634956174870165091e-01 -2.677241025446026046e-01 -1.295131631516323323e-01 0.000000000000000000e+00 0.000000000000000000e+00 0.000000000000000000e+00 1.000000000000000000e+00
1.904914757290486829e-02 2.732796780893713695e-01 -9.617459890844958226e-01 3.420440993810540675e+00 9.998185485260540073e-01 -5.206689678116846118e-03 1.832376614809572840e-02 1.954772671096896564e-02 0.000000000000000000e+00 -9.619205309826615036e-01 -2.733292740890273520e-01 -1.167082713203165673e-01 0.000000000000000000e+00 0.000000000000000000e+00 0.000000000000000000e+00 1.000000000000000000e+00
2.300377907447059833e-02 2.783529803553055348e-01 -9.602033349638042781e-01 3.433506608440267005e+00 9.997353780617613817e-01 -6.404865332692397974e-03 2.209415198139829881e-02 2.791453615057402221e-02 0.000000000000000000e+00 -9.604574930872208371e-01 -2.784266581572444332e-01 -1.037251113960224735e-01 0.000000000000000000e+00 0.000000000000000000e+00 0.000000000000000000e+00 1.000000000000000000e+00
2.669187657258725518e-02 2.829014686306419168e-01 -9.587775043103898831e-01 3.447650140141617747e+00 9.996437083906615229e-01 -7.553862460705606206e-03 2.560069211742086598e-02 3.674262146272710972e-02 0.000000000000000000e+00 -9.591192304445526062e-01 -2.830022999755467117e-01 -9.058098520591227609e-02 0.000000000000000000e+00 0.000000000000000000e+00 0.000000000000000000e+00 1.000000000000000000e+00
3.010712792128984738e-02 2.869135875472942354e-01 -9.574832396073950092e-01 3.462806986939938270e+00 9.995466776735997261e-01 -8.642061722167370535e-03 2.884014425863990622e-02 4.603683762347281216e-02 0.000000000000000000e+00 -9.579174849901902489e-01 -2.870437108700844564e-01 -7.729319457714878272e-02 0.000000000000000000e+00 0.000000000000000000e+00 0.000000000000000000e+00 1.000000000000000000e+00
3.324406309835529344e-02 2.903790557065326072e-01 -9.563340610245433249e-01 3.478912546860569499e+00 9.994472633754682978e-01 -9.658718377742212674e-03 3.181001242670132567e-02 5.580203960885607439e-02 0.000000000000000000e+00 -9.568629542240006947e-01 -2.905396476106455461e-01 -6.387904133689414898e-02 0.000000000000000000e+00 0.000000000000000000e+00 0.000000000000000000e+00 1.000000000000000000e+00
3.609800619229407842e-02 2.932886185832659920e-01 -9.553422005535296968e-01 3.495902217928856803e+00 9.993482545884297963e-01 -1.059403898604726474e-02 3.450843938837298841e-02 6.604308239492136245e-02 0.000000000000000000e+00 -9.559652465165675572e-01 -2.934798927567582871e-01 -5.035582731231136311e-02 0.000000000000000000e+00 0.000000000000000000e+00 0.000000000000000000e+00 1.000000000000000000e+00
3.866502416104121431e-02 2.956338075751234751e-01 -9.545185528449726675e-01 3.513711398170141997e+00 9.992522283721092524e-01 -1.143924225351450503e-02 3.693410118087767091e-02 7.676482095771365588e-02 0.000000000000000000e+00 -9.552328488673849094e-01 -2.958550395796896160e-01 -3.674085433056253208e-02 0.000000000000000000e+00 0.000000000000000000e+00 0.000000000000000000e+00 1.000000000000000000e+00
4.094187334517317839e-02 2.974067086247573766e-01 -9.538726396495373905e-01 3.532275485609769117e+00 9.991615299875130640e-01 -1.218660590012088721e-02 3.908610532717912006e-02 8.797211027327772603e-02 0.000000000000000000e+00 -9.546731044193210725e-01 -2.976562844933332563e-01 -2.305142421881021045e-02 0.000000000000000000e+00 0.000000000000000000e+00 0.000000000000000000e+00 1.000000000000000000e+00
4.292594463592745019e-02 2.985997431388709988e-01 -9.534125847053380731e-01 3.551529878273081309e+00 9.990782568333239633e-01 -1.282950154766475219e-02 4.096389401564719257e-02 9.966980531765806672e-02 0.000000000000000000e+00 -9.542921970169507828e-01 -2.988752293392030746e-01 -9.304838804217147041e-03 0.000000000000000000e+00 0.000000000000000000e+00 0.000000000000000000e+00 1.000000000000000000e+00
4.461520810784998237e-02 2.992054633036110856e-01 -9.531450959506452270e-01 3.571409974185421277e+00 9.990042458395725911e-01 -1.336241969730324677e-02 4.256715323274373047e-02 1.118627610668997685e-01 0.000000000000000000e+00 -9.540951401558990241e-01 -2.995036953543235292e-01 4.481600086054495641e-03 0.000000000000000000e+00 0.000000000000000000e+00 0.000000000000000000e+00 1.000000000000000000e+00
4.600890941550258434e-02 2.992189534973195286e-01 -9.530746026006384763e-01 3.591851171372132168e+00 9.989410294178510119e-01 -1.378133175176761253e-02 4.389640806206863977e-02 1.245558324970472419e-01 0.000000000000000000e+00 -9.540849504960848826e-01 -2.995361534721365238e-01 1.829059062484176407e-02 0.000000000000000000e+00 0.000000000000000000e+00 0.000000000000000000e+00 1.000000000000000000e+00
4.711428109432010819e-02 2.986609625121858236e-01 -9.531956116077434649e-01 3.612788867858559350e+00 9.988895056596427402e-01 -1.408683989567699121e-02 4.495905275679384222e-02 1.377538745841455636e-01 0.000000000000000000e+00 -9.542553067251177135e-01 -2.989929925382059372e-01 3.210483098498263799e-02 0.000000000000000000e+00 0.000000000000000000e+00 0.000000000000000000e+00 1.000000000000000000e+00
4.794308805276019381e-02 2.975660916839794612e-01 -9.534966603968190180e-01 3.634158461670043749e+00 9.988500689833110791e-01 -1.428266141047751341e-02 4.576620232298474200e-02 1.514617423042390887e-01 0.000000000000000000e+00 -9.545943780805307144e-01 -2.979086660992674163e-01 4.590701933931414652e-02 0.000000000000000000e+00 0.000000000000000000e+00 0.000000000000000000e+00 1.000000000000000000e+00
4.850715198673782869e-02 2.959676609555419446e-01 -9.539655129377796472e-01 3.655895350831928514e+00 9.988228352446371083e-01 -1.437346825336996078e-02 4.632868662323431225e-02 1.656842906333729215e-01 0.000000000000000000e+00 -9.550898110014968134e-01 -2.963164742654806894e-01 5.967985386067413411e-02 0.000000000000000000e+00 0.000000000000000000e+00 0.000000000000000000e+00 1.000000000000000000e+00
4.881822814013211942e-02 2.938975978810154932e-01 -9.545894314107122858e-01 3.677934933369559012e+00 9.988076794865256014e-01 -1.436468729452312909e-02 4.665699473468638836e-02 1.804263745475915837e-01 0.000000000000000000e+00 -9.557289666629863456e-01 -2.942484363277067527e-01 7.340603272189975825e-02 0.000000000000000000e+00 0.000000000000000000e+00 0.000000000000000000e+00 1.000000000000000000e+00
4.888794468086331974e-02 2.913865190199360633e-01 -9.553553607942570913e-01 3.700212607308277502e+00 9.988042695467820309e-01 -1.426234193918685458e-02 4.676127390831930075e-02 1.956928490229399853e-01 0.000000000000000000e+00 -9.564990758677470728e-01 -2.917353558692292181e-01 8.706825409582887032e-02 0.000000000000000000e+00 0.000000000000000000e+00 0.000000000000000000e+00 1.000000000000000000e+00
4.872774993552760753e-02 2.884638130955042845e-01 -9.562500901545696319e-01 3.722663770673426686e+00 9.988120976370984394e-01 -1.407290979276222889e-02 4.665133249698327073e-02 2.114885690354626480e-01 0.000000000000000000e+00 -9.573873728770224689e-01 -2.888068874795634566e-01 1.006492161552985931e-01 0.000000000000000000e+00 0.000000000000000000e+00 0.000000000000000000e+00 1.000000000000000000e+00
4.834886692488644250e-02 2.851577232208505897e-01 -9.572603929728734640e-01 3.745223821490351046e+00 9.988305096797351901e-01 -1.380319551615337079e-02 4.633664561082535827e-02 2.278183895612047039e-01 0.000000000000000000e+00 -9.583812105217024424e-01 -2.854916028869436961e-01 1.141316170731468127e-01 0.000000000000000000e+00 0.000000000000000000e+00 0.000000000000000000e+00 1.000000000000000000e+00
4.776225462754418033e-02 2.814954262024574327e-01 -9.583731486534827759e-01 3.767828157784391507e+00 9.988587322704316485e-01 -1.346021793513316883e-02 4.582636250287693003e-02 2.446871655762103970e-01 0.000000000000000000e+00 -9.594681587005561285e-01 -2.818170549128715674e-01 1.274981550222105686e-01 0.000000000000000000e+00 0.000000000000000000e+00 0.000000000000000000e+00 1.000000000000000000e+00
4.697857539755167372e-02 2.775031075154358873e-01 -9.595754471498804117e-01 3.790412177580893882e+00 9.988958972053175733e-01 -1.305111042696491599e-02 4.512931489626909043e-02 2.620997520565249150e-01 0.000000000000000000e+00 -9.606360881394679918e-01 -2.778098381341099765e-01 1.407315281753277469e-01 0.000000000000000000e+00 0.000000000000000000e+00 0.000000000000000000e+00 1.000000000000000000e+00
4.600816797054873425e-02 2.732060310262812708e-01 -9.608546784456326595e-01 3.812911278905199985e+00 9.989410635668121152e-01 -1.258303359874183083e-02 4.425402564128104455e-02 2.800610039781925575e-01 0.000000000000000000e+00 -9.618732410647047315e-01 -2.734956455296507771e-01 1.538144347053354566e-01 0.000000000000000000e+00 0.000000000000000000e+00 0.000000000000000000e+00 1.000000000000000000e+00
4.486102550988835952e-02 2.686286029292322963e-01 -9.621986084372030623e-01 3.835260859782654297e+00 9.989932374096439638e-01 -1.206309928577863240e-02 4.320871723877371673e-02 2.985757763172587342e-01 0.000000000000000000e+00 -9.631682902400340307e-01 -2.688993207058911206e-01 1.667295727850716947e-01 0.000000000000000000e+00 0.000000000000000000e+00 0.000000000000000000e+00 1.000000000000000000e+00
4.354677816685145753e-02 2.637944296753970130e-01 -9.635954425917129251e-01 3.857396318238598187e+00 9.990513891243467670e-01 -1.149830492783172897e-02 4.200131988996978760e-02 3.176489240497674116e-01 0.000000000000000000e+00 -9.645103876351039940e-01 -2.640449055444573090e-01 1.794596405873733758e-01 0.000000000000000000e+00 0.000000000000000000e+00 0.000000000000000000e+00 1.000000000000000000e+00
4.207467965577081637e-02 2.587263699209286782e-01 -9.650338785967065292e-01 3.879253052298377469e+00 9.991144685829869143e-01 -1.089547742048272740e-02 4.063947883420117313e-02 3.372853021517639993e-01 0.000000000000000000e+00 -9.658892038320536777e-01 -2.589556833141174463e-01 1.919873362850784138e-01 0.000000000000000000e+00 0.000000000000000000e+00 0.000000000000000000e+00 1.000000000000000000e+00
4.045359737418462859e-02 2.534465807119068437e-01 -9.665031490817452831e-01 3.900766459987333068e+00 9.991814181916551796e-01 -1.026122558457812604e-02 3.913056081907128475e-02 3.574897655992926859e-01 0.000000000000000000e+00 -9.672949591385997525e-01 -2.536542174399131211e-01 2.042953580510240286e-01 0.000000000000000000e+00 0.000000000000000000e+00 0.000000000000000000e+00 1.000000000000000000e+00
3.869200562883907263e-02 2.479765582680718561e-01 -9.679930553727850162e-01 3.921871939330809020e+00 9.992511839874986812e-01 -9.601900445132134296e-03 3.748165961405505731e-02 3.782671693683987146e-01 0.000000000000000000e+00 -9.687184472576970684e-01 -2.481623862365863464e-01 2.163664040580479120e-01 0.000000000000000000e+00 0.000000000000000000e+00 0.000000000000000000e+00 1.000000000000000000e+00
3.679798155951963939e-02 2.423371738328788105e-01 -9.694939931386055143e-01 3.942504888354149362e+00 9.993227249258096467e-01 -8.923562560383504691e-03 3.569960053117778725e-02 3.996223684351264405e-01 0.000000000000000000e+00 -9.701510522645039325e-01 -2.425014139960342263e-01 2.281831724789873395e-01 0.000000000000000000e+00 0.000000000000000000e+00 0.000000000000000000e+00 1.000000000000000000e+00
3.477920338357431973e-02 2.365487051300891597e-01 -9.709969707024229679e-01 3.962600705082696795e+00 9.993950205059077829e-01 -8.231955690229386668e-03 3.379094395707417375e-02 4.215602177755209401e-01 0.000000000000000000e+00 -9.715847595587284724e-01 -2.366918988753264619e-01 2.397283614866800305e-01 0.000000000000000000e+00 0.000000000000000000e+00 0.000000000000000000e+00 1.000000000000000000e+00
3.264295061403590242e-02 2.306308640130644294e-01 -9.724936207193325410e-01 3.982094787541794467e+00 9.994670768840810959e-01 -7.532486140035255656e-03 3.176198793118219926e-02 4.440855723656266241e-01 0.000000000000000000e+00 -9.730121613922086965e-01 -2.307538380674575840e-01 2.509846692539632329e-01 0.000000000000000000e+00 0.000000000000000000e+00 0.000000000000000000e+00 1.000000000000000000e+00
3.039610593302893154e-02 2.246028209169825818e-01 -9.739762058593843808e-01 4.000922533756785526e+00 9.995379316184593854e-01 -6.830207160217837727e-03 2.961876982658843624e-02 4.672032871814886246e-01 0.000000000000000000e+00 -9.744264575155389130e-01 -2.247066507554185411e-01 2.619347939536746939e-01 0.000000000000000000e+00 0.000000000000000000e+00 0.000000000000000000e+00 1.000000000000000000e+00
2.804515842936545697e-02 2.184832267306619502e-01 -9.754376190849057826e-01 4.019019341753012675e+00 9.996066571850508176e-01 -6.129807823684853968e-03 2.736706720445031965e-02 4.909182171991510746e-01 0.000000000000000000e+00 -9.758214514415036733e-01 -2.185691993547972944e-01 2.725614337586516056e-01 0.000000000000000000e+00 0.000000000000000000e+00 0.000000000000000000e+00 1.000000000000000000e+00
2.559620793466388031e-02 2.122902326972289921e-01 -9.768713790672350905e-01 4.036320609555820837e+00 9.996723633968108702e-01 -5.435605842050819300e-03 2.501239792111930108e-02 5.152352173946596059e-01 0.000000000000000000e+00 -9.771915427849784397e-01 -2.123598095438818112e-01 2.828472868417317709e-01 0.000000000000000000e+00 0.000000000000000000e+00 0.000000000000000000e+00 1.000000000000000000e+00
2.305497021584188358e-02 2.060415089347541195e-01 -9.782716212505789821e-01 4.052761735190552272e+00 9.997341988490474618e-01 -4.751543817533377366e-03 2.256001957010269482e-02 5.401591427440580739e-01 0.000000000000000000e+00 -9.785317161069638781e-01 -2.060962895657277305e-01 2.927750513757523820e-01 0.000000000000000000e+00 0.000000000000000000e+00 0.000000000000000000e+00 1.000000000000000000e+00
2.042678280333456650e-02 1.997542621419911568e-01 -9.796330850376655519e-01 4.068278116682551016e+00 9.997913515050554922e-01 -4.081188460644708492e-03 2.001492833969947469e-02 5.656948482233918885e-01 0.000000000000000000e+00 -9.798375266628939206e-01 -1.997959492661015302e-01 3.023274255335511862e-01 0.000000000000000000e+00 0.000000000000000000e+00 0.000000000000000000e+00 1.000000000000000000e+00
1.771661125384585075e-02 1.934452530229600620e-01 -9.809510975418513912e-01 4.082805152057159326e+00 9.998430485259574008e-01 -3.427732334352132093e-03 1.738185736231701722e-02 5.918471888087053490e-01 0.000000000000000000e+00 -9.811050834308866486e-01 -1.934756193066014818e-01 3.114871074879654866e-01 0.000000000000000000e+00 0.000000000000000000e+00 0.000000000000000000e+00 1.000000000000000000e+00
1.492905776976613703e-02 1.871308134906821685e-01 -9.822215543737689014e-01 4.096278251774482015e+00 9.998885554071048620e-01 -2.793998101086651864e-03 1.466527669374631526e-02 6.186210094692562445e-01 0.000000000000000000e+00 -9.823310298554793762e-01 -1.871516705324142993e-01 3.202367956796578485e-01 0.000000000000000000e+00 0.000000000000000000e+00 0.000000000000000000e+00 1.000000000000000000e+00
1.207355022504927149e-02 1.808258329878603410e-01 -9.834410239100307427e-01 4.108663473509730935e+00 9.999271120361539200e-01 -2.183368917880052548e-03 1.187449010295695169e-02 6.459964920419183354e-01 0.000000000000000000e+00 -9.835127101488901902e-01 -1.808390139753729142e-01 3.285598486416170805e-01 0.000000000000000000e+00 0.000000000000000000e+00 0.000000000000000000e+00 1.000000000000000000e+00
9.175475163309769130e-03 1.745418998002578603e-01 -9.846069956432587089e-01 4.120023477576256532e+00 9.999579044417457041e-01 -1.601572285653617622e-03 9.034617351406790814e-03 6.738760780649852844e-01 0.000000000000000000e+00 -9.846484449692339824e-01 -1.745492475482762484e-01 3.364417055741921181e-01 0.000000000000000000e+00 0.000000000000000000e+00 0.000000000000000000e+00 1.000000000000000000e+00
6.263039142315155079e-03 1.682904309230204842e-01 -9.857175585330950618e-01 4.130439910600764541e+00 9.999803869780155008e-01 -1.054030228866013018e-03 6.173708737445297509e-03 7.021469299736402547e-01 0.000000000000000000e+00 -9.857368918124251866e-01 -1.682937316716795750e-01 3.438682146127593486e-01 0.000000000000000000e+00 0.000000000000000000e+00 0.000000000000000000e+00 1.000000000000000000e+00
